              1          0.305
           1.05         0.4302
            1.1         0.6122
           1.15         0.8848
            1.2         1.1778
           1.25         1.6358
            1.3          2.093
           1.35         2.6898
            1.4         3.4209
           1.45         4.2471
            1.5         5.2849
           1.55         6.5898
            1.6         7.8815
           1.65         9.6826
            1.7        11.8262
           1.75        14.0506
            1.8        16.3569
           1.85         19.819
            1.9         23.132
           1.95        27.1051
              2         31.303
           2.05        36.2769
            2.1        43.4451
           2.15        51.7488
            2.2        58.4185
           2.25        71.4104
            2.3        83.1063
           2.35        97.8224
            2.4       107.8279
           2.45       114.8859
            2.5       128.7264
           2.55       135.6564
            2.6       143.9932
           2.65       148.6322
            2.7       155.0589
           2.75       160.2171
            2.8       165.3452
           2.85       170.6219
            2.9       175.9662
           2.95       180.2918
              3        184.462
           3.05       188.5151
            3.1       192.1679
           3.15       196.0544
            3.2       199.4152
           3.25       203.6505
            3.3        206.584
           3.35       209.8204
            3.4       213.2739
           3.45       216.5317
            3.5       218.7828
           3.55       221.9363
            3.6       224.4673
           3.65       227.6023
            3.7        229.558
           3.75       232.3194
            3.8       234.9801
           3.85       237.2145
            3.9       239.3501
           3.95       241.6222
              4       243.9716
           4.05       246.0914
            4.1       248.1747
           4.15       249.8369
            4.2       251.7438
           4.25       253.8478
            4.3       255.5497
           4.35       257.4736
            4.4       258.9203
           4.45       260.3448
            4.5       262.4069
           4.55       263.8094
            4.6       265.2829
           4.65       266.9988
            4.7       268.4328
           4.75       270.1494
            4.8       271.5054
           4.85       272.9539
            4.9       274.3636
           4.95       275.4832
              5       276.7264
