              1         0.4035
           1.05         0.6016
            1.1         0.8371
           1.15         1.0447
            1.2          2.551
           1.25         1.8578
            1.3         4.9821
           1.35         3.0708
            1.4         3.5346
           1.45         4.4541
            1.5         5.5929
           1.55         6.8373
            1.6         8.3524
           1.65         9.7762
            1.7        12.3378
           1.75        14.7962
            1.8        16.9656
           1.85        20.0919
            1.9        23.8275
           1.95        27.8735
              2        32.1521
           2.05        36.9171
            2.1        44.5694
           2.15        51.3142
            2.2        61.0229
           2.25        74.9632
            2.3        82.4663
           2.35        97.4975
            2.4        110.119
           2.45       116.8678
            2.5       128.4056
           2.55       135.6146
            2.6       142.2454
           2.65       148.7081
            2.7        154.284
           2.75       160.3569
            2.8       166.3114
           2.85       170.3098
            2.9       174.9997
           2.95       180.4806
              3       184.5681
           3.05       188.5358
            3.1        192.318
           3.15       196.3975
            3.2       199.9069
           3.25       203.7859
            3.3       206.9526
           3.35       209.5412
            3.4       212.7076
           3.45       216.0728
            3.5       219.0958
           3.55       221.7629
            3.6       224.6805
           3.65       227.1463
            3.7       230.3123
           3.75       232.3923
            3.8       235.1939
           3.85       237.3306
            3.9       239.2804
           3.95       241.4704
              4       243.5175
           4.05       245.8292
            4.1       247.9125
           4.15       249.6537
            4.2       252.0423
           4.25       253.7932
            4.3       255.5083
           4.35       257.0868
            4.4       258.8869
           4.45       260.2913
            4.5       262.2818
           4.55       264.2623
            4.6       265.2522
           4.65       267.3225
            4.7       268.4557
           4.75       269.9252
            4.8       271.0152
           4.85       272.7979
            4.9       274.2833
           4.95       275.5374
              5        276.912
