              1             -4             32             -2              8              2             -8            -32     4.0582e-05              1
              1           -2.4           19.2           -1.2            4.8            1.2          -0.96          -3.84     6.7938e-05              5
              1           -2.2           17.6            1.1            4.4            1.1          -0.44          -1.76    0.000141353             10
              1          -1.96          15.68          -0.98           3.96              1         0.1184         0.3136    0.000164849             50
              1             -2             16         -1.005           4.01          1.005        -0.0301              0    0.000209761            100
              1             -2             16             -1              4              1              0              0    0.000353347            200
              1          -2.01          16.08         -1.005           4.02          1.005        -0.0201        -0.0804    0.000622103            200
              1     -2.0066667      16.053333      1.0033333      4.0133333      1.0033333   -0.013377778   -0.053511111    0.000893613            300
              1         -2.004         16.032          1.002          4.008          1.002      -0.008016      -0.032064    0.000906444            500
              1         -1.998         15.984         -0.591          3.998              1       2.600876       0.015984    0.001938486           1000
              1        -1.9952        15.9616         0.1072         3.9918         0.9983      3.9458326     0.03830784    0.013449843          10000
              1       -1.99588       15.96704       -0.39525        3.99312        0.99862      3.3682297    0.032892102    0.089609067         100000
              1      -1.995916      15.967328     -0.0227505       3.993151      0.9986175      3.9910807    0.032605284     0.84896143        1000000
              1     -1.9959098      15.967278       0.003066      3.9931798       0.998635      3.9931422    0.032654681      3.7731084       10000000
              1     -1.9960012      15.968013     0.00669146      3.9933329     0.99866577      3.9931538    0.031930118      86.916994      100000000
