  0.966608  0.925082   0.87636  0.821892
  0.996893  0.993319  0.989588  0.985832
  0.998914   0.99767  0.996382   0.99517
  0.999453  0.998827  0.998183   0.99767
  0.999671  0.999295  0.998913  0.998698
  0.999781   0.99953  0.999279  0.999223
  0.999843  0.999665  0.999489  0.999529
  0.999883  0.999749   0.99962  0.999723
  0.999909  0.999805  0.999708  0.999855
  0.999927  0.999844  0.999769  0.999949
   0.99994  0.999872  0.999814   1.00002
   0.99995  0.999894  0.999848   1.00007
  0.999958   0.99991  0.999873   1.00011
  0.999964  0.999923  0.999894   1.00015
  0.999969  0.999933   0.99991   1.00017
  0.999973  0.999942  0.999923   1.00019
  0.999976  0.999949  0.999934   1.00021
  0.999979  0.999954  0.999943   1.00023
  0.999981  0.999959  0.999951   1.00024
  0.999982  0.999962  0.999956   1.00025
  0.999984  0.999965   0.99996   1.00026
