0	0    
0.016722408   0.0011216957
    0.033444816   0.0022614492
    0.050167224   0.0034187004
    0.066889632   0.0045928759
     0.08361204   0.0057833885
     0.10033445   0.0069896385
     0.11705686   0.0082110136
     0.13377926   0.0094468895
     0.15050167    0.010696631
     0.16722408    0.011959591
     0.18394649    0.013235113
      0.2006689    0.014522529
      0.2173913    0.015821165
     0.23411371    0.017130334
     0.25083612    0.018449344
     0.26755853    0.019777493
     0.28428094    0.021114074
     0.30100334    0.022458371
     0.31772575    0.023809665
     0.33444816    0.025167229
     0.35117057    0.026530332
     0.36789298    0.027898239
     0.38461538    0.029270211
     0.40133779    0.030645508
      0.4180602    0.032023385
     0.43478261    0.033403095
     0.45150502    0.034783893
     0.46822742     0.03616503
     0.48494983    0.037545759
     0.50167224    0.038925333
     0.51839465    0.040303006
     0.53511706    0.041678034
     0.55183946    0.043049676
     0.56856187    0.044417193
     0.58528428    0.045779851
     0.60200669    0.047136918
      0.6187291    0.048487669
     0.63545151    0.049831384
     0.65217391    0.051167348
     0.66889632    0.052494852
     0.68561873    0.053813195
     0.70234114    0.055121685
     0.71906355    0.056419635
     0.73578595    0.057706369
     0.75250836    0.058981219
     0.76923077    0.060243526
     0.78595318    0.061492644
     0.80267559    0.062727934
     0.81939799    0.063948771
      0.8361204     0.06515454
     0.85284281    0.066344637
     0.86956522    0.067518474
     0.88628763    0.068675471
     0.90301003    0.069815066
     0.91973244    0.070936706
     0.93645485    0.072039857
     0.95317726    0.073123994
     0.96989967    0.074188611
     0.98662207    0.075233215
      1.0033445    0.076257328
      1.0200669     0.07726049
      1.0367893    0.078242253
      1.0535117    0.079202188
      1.0702341    0.080139882
      1.0869565    0.081054938
      1.1036789    0.081946977
      1.1204013    0.082815634
      1.1371237    0.083660566
      1.1538462    0.084481442
      1.1705686    0.085277953
       1.187291    0.086049806
      1.2040134    0.086796724
      1.2207358     0.08751845
      1.2374582    0.088214744
      1.2541806    0.088885384
       1.270903    0.089530167
      1.2876254    0.090148906
      1.3043478    0.090741433
      1.3210702    0.091307599
      1.3377926    0.091847271
      1.3545151    0.092360336
      1.3712375    0.092846696
      1.3879599    0.093306274
      1.4046823    0.093739009
      1.4214047    0.094144857
      1.4381271    0.094523792
      1.4548495    0.094875807
      1.4715719    0.095200909
      1.4882943    0.095499124
      1.5050167    0.095770494
      1.5217391    0.096015079
      1.5384615    0.096232953
      1.5551839    0.096424208
      1.5719064    0.096588952
      1.5886288    0.096727307
      1.6053512    0.096839412
      1.6220736     0.09692542
       1.638796      0.0969855
      1.6555184    0.097019836
      1.6722408    0.097028623
      1.6889632    0.097012075
      1.7056856    0.096970415
       1.722408    0.096903881
      1.7391304    0.096812726
      1.7558528    0.096697212
      1.7725753    0.096557616
      1.7892977    0.096394225
      1.8060201     0.09620734
      1.8227425    0.095997271
      1.8394649    0.095764339
      1.8561873    0.095508877
      1.8729097    0.095231226
      1.8896321    0.094931738
      1.9063545    0.094610774
      1.9230769    0.094268703
      1.9397993    0.093905904
      1.9565217    0.093522762
      1.9732441    0.093119671
      1.9899666    0.092697033
       2.006689    0.092255255
      2.0234114    0.091794752
      2.0401338    0.091315943
      2.0568562    0.090819254
      2.0735786    0.090305117
       2.090301    0.089773968
      2.1070234    0.089226246
      2.1237458    0.088662395
      2.1404682    0.088082864
      2.1571906    0.087488104
       2.173913    0.086878568
      2.1906355    0.086254713
      2.2073579    0.085616996
      2.2240803    0.084965878
      2.2408027     0.08430182
      2.2575251    0.083625283
      2.2742475    0.082936732
      2.2909699    0.082236627
      2.3076923    0.081525432
      2.3244147    0.080803609
      2.3411371     0.08007162
      2.3578595    0.079329923
      2.3745819    0.078578979
      2.3913043    0.077819242
      2.4080268    0.077051169
      2.4247492     0.07627521
      2.4414716    0.075491816
       2.458194    0.074701432
      2.4749164    0.073904501
      2.4916388    0.073101462
      2.5083612    0.072292752
      2.5250836      0.0714788
       2.541806    0.070660035
      2.5585284    0.069836878
      2.5752508    0.069009746
      2.5919732    0.068179051
      2.6086957    0.067345202
      2.6254181    0.066508599
      2.6421405    0.065669637
      2.6588629    0.064828708
      2.6755853    0.063986194
      2.6923077    0.063142474
      2.7090301    0.062297918
      2.7257525     0.06145289
      2.7424749     0.06060775
      2.7591973    0.059762848
      2.7759197    0.058918528
      2.7926421    0.058075127
      2.8093645    0.057232975
       2.826087    0.056392394
      2.8428094    0.055553701
      2.8595318    0.054717202
      2.8762542    0.053883199
      2.8929766    0.053051982
       2.909699    0.052223839
      2.9264214    0.051399045
      2.9431438     0.05057787
      2.9598662    0.049760577
      2.9765886    0.048947419
       2.993311    0.048138642
      3.0100334    0.047334485
      3.0267559    0.046535178
      3.0434783    0.045740943
      3.0602007    0.044951996
      3.0769231    0.044168543
      3.0936455    0.043390785
      3.1103679    0.042618911
      3.1270903    0.041853106
      3.1438127    0.041093546
      3.1605351    0.040340399
      3.1772575    0.039593826
      3.1939799     0.03885398
      3.2107023    0.038121008
      3.2274247    0.037395047
      3.2441472    0.036676228
      3.2608696    0.035964676
       3.277592    0.035260507
      3.2943144     0.03456383
      3.3110368    0.033874748
      3.3277592    0.033193357
      3.3444816    0.032519745
       3.361204    0.031853995
      3.3779264    0.031196182
      3.3946488    0.030546376
      3.4113712    0.029904638
      3.4280936    0.029271025
      3.4448161    0.028645587
      3.4615385     0.02802837
      3.4782609    0.027419409
      3.4949833    0.026818739
      3.5117057    0.026226386
      3.5284281     0.02564237
      3.5451505    0.025066708
      3.5618729     0.02449941
      3.5785953    0.023940481
      3.5953177    0.023389922
      3.6120401    0.022847727
      3.6287625    0.022313887
      3.6454849    0.021788388
      3.6622074     0.02127121
      3.6789298    0.020762331
      3.6956522    0.020261723
      3.7123746    0.019769354
       3.729097    0.019285188
      3.7458194    0.018809187
      3.7625418    0.018341306
      3.7792642    0.017881498
      3.7959866    0.017429713
       3.812709    0.016985896
      3.8294314    0.016549991
      3.8461538    0.016121937
      3.8628763    0.015701671
      3.8795987    0.015289125
      3.8963211    0.014884231
      3.9130435    0.014486917
      3.9297659    0.014097108
      3.9464883    0.013714727
      3.9632107    0.013339696
      3.9799331    0.012971931
      3.9966555    0.012611351
      4.0133779    0.012257868
      4.0301003    0.011911395
      4.0468227    0.011571843
      4.0635452     0.01123912
      4.0802676    0.010913133
        4.09699    0.010593787
      4.1137124    0.010280988
      4.1304348   0.0099746363
      4.1471572   0.0096746341
      4.1638796   0.0093808814
       4.180602    0.009093277
      4.1973244   0.0088117186
      4.2140468   0.0085361029
      4.2307692   0.0082663259
      4.2474916   0.0080022823
       4.264214   0.0077438664
      4.2809365   0.0074909713
      4.2976589   0.0072434899
      4.3143813   0.0070013139
      4.3311037   0.0067643347
      4.3478261   0.0065324431
      4.3645485   0.0063055294
      4.3812709   0.0060834833
      4.3979933   0.0058661941
      4.4147157   0.0056535507
      4.4314381   0.0054454416
      4.4481605   0.0052417548
      4.4648829   0.0050423782
      4.4816054   0.0048471991
      4.4983278   0.0046561046
      4.5150502   0.0044689815
      4.5317726   0.0042857163
       4.548495   0.0041061951
      4.5652174   0.0039303036
      4.5819398   0.0037579275
      4.5986622   0.0035889519
      4.6153846   0.0034232617
       4.632107   0.0032607411
      4.6488294   0.0031012744
      4.6655518   0.0029447452
      4.6822742   0.0027910365
      4.6989967   0.0026400311
      4.7157191   0.0024916112
      4.7324415   0.0023456582
      4.7491639   0.0022020531
      4.7658863   0.0020606761
      4.7826087   0.0019214067
      4.7993311   0.0017841233
      4.8160535   0.0016487039
      4.8327759    0.001515025
      4.8494983   0.0013829624
      4.8662207   0.0012523906
      4.8829431   0.0011231827
      4.8996656  0.00099521058
       4.916388  0.00086834473
      4.9331104  0.00074245386
      4.9498328  0.00061740504
      4.9665552  0.00049306346
      4.9832776   0.0003692923
              5  0.00024595261
      5.0167224  0.00012290309
