   0	0 
0.016722408  0.00039193797
    0.033444816  0.00079033886
    0.050167224    0.001195164
    0.066889632   0.0016063729
     0.08361204   0.0020239236
     0.10033445   0.0024477721
     0.11705686    0.002877873
     0.13377926    0.003314179
     0.15050167   0.0037566413
     0.16722408   0.0042052091
     0.18394649   0.0046598303
      0.2006689   0.0051204509
      0.2173913   0.0055870151
     0.23411371   0.0060594657
     0.25083612   0.0065377436
     0.26755853   0.0070217883
     0.28428094   0.0075115375
     0.30100334   0.0080069271
     0.31772575   0.0085078917
     0.33444816   0.0090143641
     0.35117057   0.0095262754
     0.36789298    0.010043555
     0.38461538    0.010566131
     0.40133779    0.011093931
      0.4180602    0.011626878
     0.43478261    0.012164895
     0.45150502    0.012707906
     0.46822742    0.013255829
     0.48494983    0.013808584
     0.50167224    0.014366087
     0.51839465    0.014928254
     0.53511706       0.015495
     0.55183946    0.016066236
     0.56856187    0.016641874
     0.58528428    0.017221824
     0.60200669    0.017805994
      0.6187291    0.018394291
     0.63545151    0.018986619
     0.65217391    0.019582884
     0.66889632    0.020182988
     0.68561873    0.020786832
     0.70234114    0.021394316
     0.71906355    0.022005338
     0.73578595    0.022619797
     0.75250836    0.023237588
     0.76923077    0.023858606
     0.78595318    0.024482744
     0.80267559    0.025109895
     0.81939799    0.025739949
      0.8361204    0.026372798
     0.85284281    0.027008328
     0.86956522    0.027646428
     0.88628763    0.028286985
     0.90301003    0.028929883
     0.91973244    0.029575007
     0.93645485     0.03022224
     0.95317726    0.030871464
     0.96989967     0.03152256
     0.98662207    0.032175408
      1.0033445    0.032829887
      1.0200669    0.033485875
      1.0367893     0.03414325
      1.0535117    0.034801888
      1.0702341    0.035461664
      1.0869565    0.036122453
      1.1036789    0.036784128
      1.1204013    0.037446563
      1.1371237    0.038109629
      1.1538462    0.038773198
      1.1705686     0.03943714
       1.187291    0.040101326
      1.2040134    0.040765624
      1.2207358    0.041429903
      1.2374582    0.042094031
      1.2541806    0.042757876
       1.270903    0.043421304
      1.2876254     0.04408418
      1.3043478    0.044746372
      1.3210702    0.045407744
      1.3377926    0.046068161
      1.3545151    0.046727486
      1.3712375    0.047385585
      1.3879599     0.04804232
      1.4046823    0.048697555
      1.4214047    0.049351152
      1.4381271    0.050002974
      1.4548495    0.050652883
      1.4715719    0.051300741
      1.4882943     0.05194641
      1.5050167    0.052589751
      1.5217391    0.053230627
      1.5384615    0.053868897
      1.5551839    0.054504424
      1.5719064    0.055137069
      1.5886288    0.055766693
      1.6053512    0.056393156
      1.6220736    0.057016321
       1.638796    0.057636048
      1.6555184    0.058252199
      1.6722408    0.058864636
      1.6889632    0.059473219
      1.7056856     0.06007781
       1.722408    0.060678273
      1.7391304    0.061274468
      1.7558528    0.061866258
      1.7725753    0.062453507
      1.7892977    0.063036077
      1.8060201    0.063613832
      1.8227425    0.064186636
      1.8394649    0.064754353
      1.8561873    0.065316847
      1.8729097    0.065873985
      1.8896321    0.066425633
      1.9063545    0.066971655
      1.9230769     0.06751192
      1.9397993    0.068046295
      1.9565217    0.068574648
      1.9732441    0.069096848
      1.9899666    0.069612764
       2.006689    0.070122268
      2.0234114    0.070625229
      2.0401338    0.071121521
      2.0568562    0.071611014
      2.0735786    0.072093584
       2.090301    0.072569105
      2.1070234    0.073037451
      2.1237458      0.0734985
      2.1404682    0.073952128
      2.1571906    0.074398214
       2.173913    0.074836636
      2.1906355    0.075267277
      2.2073579    0.075690016
      2.2240803    0.076104736
      2.2408027    0.076511322
      2.2575251    0.076909657
      2.2742475    0.077299629
      2.2909699    0.077681125
      2.3076923    0.078054033
      2.3244147    0.078418242
      2.3411371    0.078773645
      2.3578595    0.079120134
      2.3745819    0.079457603
      2.3913043    0.079785947
      2.4080268    0.080105062
      2.4247492    0.080414848
      2.4414716    0.080715204
       2.458194    0.081006031
      2.4749164    0.081287231
      2.4916388     0.08155871
      2.5083612    0.081820372
      2.5250836    0.082072126
       2.541806     0.08231388
      2.5585284    0.082545546
      2.5752508    0.082767035
      2.5919732    0.082978262
      2.6086957    0.083179143
      2.6254181    0.083369596
      2.6421405    0.083549539
      2.6588629    0.083718894
      2.6755853    0.083877584
      2.6923077    0.084025534
      2.7090301    0.084162671
      2.7257525    0.084288923
      2.7424749     0.08440422
      2.7591973    0.084508496
      2.7759197    0.084601684
      2.7926421    0.084683721
      2.8093645    0.084754545
       2.826087    0.084814097
      2.8428094    0.084862318
      2.8595318    0.084899154
      2.8762542    0.084924551
      2.8929766    0.084938456
       2.909699    0.084940822
      2.9264214      0.0849316
      2.9431438    0.084910745
      2.9598662    0.084878215
      2.9765886    0.084833969
       2.993311    0.084777967
      3.0100334    0.084710173
      3.0267559    0.084630554
      3.0434783    0.084539076
      3.0602007    0.084435711
      3.0769231     0.08432043
      3.0936455    0.084193209
      3.1103679    0.084054023
      3.1270903    0.083902852
      3.1438127    0.083739678
      3.1605351    0.083564485
      3.1772575    0.083377258
      3.1939799    0.083177986
      3.2107023    0.082966659
      3.2274247    0.082743271
      3.2441472    0.082507817
      3.2608696    0.082260295
       3.277592    0.082000705
      3.2943144    0.081729048
      3.3110368    0.081445331
      3.3277592    0.081149561
      3.3444816    0.080841746
       3.361204    0.080521899
      3.3779264    0.080190034
      3.3946488    0.079846168
      3.4113712    0.079490321
      3.4280936    0.079122513
      3.4448161    0.078742768
      3.4615385    0.078351114
      3.4782609    0.077947579
      3.4949833    0.077532193
      3.5117057    0.077104991
      3.5284281    0.076666008
      3.5451505    0.076215284
      3.5618729    0.075752858
      3.5785953    0.075278774
      3.5953177    0.074793077
      3.6120401    0.074295816
      3.6287625     0.07378704
      3.6454849    0.073266804
      3.6622074    0.072735161
      3.6789298    0.072192169
      3.6956522    0.071637889
      3.7123746    0.071072382
       3.729097    0.070495713
      3.7458194     0.06990795
      3.7625418     0.06930916
      3.7792642    0.068699418
      3.7959866    0.068078795
       3.812709    0.067447369
      3.8294314    0.066805218
      3.8461538    0.066152423
      3.8628763    0.065489068
      3.8795987    0.064815237
      3.8963211    0.064131019
      3.9130435    0.063436504
      3.9297659    0.062731784
      3.9464883    0.062016953
      3.9632107    0.061292109
      3.9799331     0.06055735
      3.9966555    0.059812777
      4.0133779    0.059058494
      4.0301003    0.058294607
      4.0468227    0.057521221
      4.0635452    0.056738449
      4.0802676      0.0559464
        4.09699     0.05514519
      4.1137124    0.054334934
      4.1304348     0.05351575
      4.1471572    0.052687758
      4.1638796    0.051851081
       4.180602    0.051005843
      4.1973244    0.050152168
      4.2140468    0.049290187
      4.2307692    0.048420028
      4.2474916    0.047541823
       4.264214    0.046655706
      4.2809365    0.045761813
      4.2976589    0.044860282
      4.3143813     0.04395125
      4.3311037    0.043034861
      4.3478261    0.042111255
      4.3645485    0.041180578
      4.3812709    0.040242977
      4.3979933    0.039298599
      4.4147157    0.038347593
      4.4314381    0.037390112
      4.4481605    0.036426308
      4.4648829    0.035456335
      4.4816054     0.03448035
      4.4983278     0.03349851
      4.5150502    0.032510974
      4.5317726    0.031517903
       4.548495    0.030519459
      4.5652174    0.029515805
      4.5819398    0.028507106
      4.5986622    0.027493529
      4.6153846     0.02647524
       4.632107    0.025452408
      4.6488294    0.024425204
      4.6655518    0.023393799
      4.6822742    0.022358366
      4.6989967    0.021319077
      4.7157191    0.020276107
      4.7324415    0.019229633
      4.7491639    0.018179832
      4.7658863    0.017126881
      4.7826087    0.016070959
      4.7993311    0.015012246
      4.8160535    0.013950924
      4.8327759    0.012887174
      4.8494983    0.011821178
      4.8662207     0.01075312
      4.8829431   0.0096831836
      4.8996656   0.0086115548
       4.916388   0.0075384188
      4.9331104   0.0064639621
      4.9498328   0.0053883716
      4.9665552    0.004311835
      4.9832776   0.0032345406
              5    0.002156677
      5.0167224   0.0010784336
