   0.0050251256   0.0015590251
    0.010050251   0.0031176693
    0.015075377   0.0046755519
    0.020100503   0.0062322924
    0.025125628   0.0077875104
    0.030150754    0.009340826
    0.035175879     0.01089186
    0.040201005    0.012440233
    0.045226131    0.013985567
    0.050251256    0.015527484
    0.055276382    0.017065609
    0.060301508    0.018599564
    0.065326633    0.020128976
    0.070351759    0.021653471
    0.075376884    0.023172676
     0.08040201    0.024686221
    0.085427136    0.026193734
    0.090452261    0.027694849
    0.095477387    0.029189199
     0.10050251    0.030676418
     0.10552764    0.032156143
     0.11055276    0.033628013
     0.11557789    0.035091668
     0.12060302    0.036546751
     0.12562814    0.037992906
     0.13065327    0.039429779
     0.13567839    0.040857021
     0.14070352    0.042274282
     0.14572864    0.043681215
     0.15075377    0.045077478
     0.15577889    0.046462729
     0.16080402     0.04783663
     0.16582915    0.049198846
     0.17085427    0.050549042
      0.1758794     0.05188689
     0.18090452    0.053212063
     0.18592965    0.054524237
     0.19095477    0.055823091
      0.1959799    0.057108309
     0.20100503    0.058379576
     0.20603015    0.059636581
     0.21105528    0.060879018
      0.2160804    0.062106584
     0.22110553    0.063318977
     0.22613065    0.064515903
     0.23115578    0.065697068
      0.2361809    0.066862184
     0.24120603    0.068010967
     0.24623116    0.069143135
     0.25125628    0.070258413
     0.25628141    0.071356528
     0.26130653    0.072437211
     0.26633166    0.073500199
     0.27135678    0.074545232
     0.27638191    0.075572055
     0.28140704    0.076580416
     0.28643216     0.07757007
     0.29145729    0.078540774
     0.29648241    0.079492292
     0.30150754    0.080424392
     0.30653266    0.081336844
     0.31155779    0.082229427
     0.31658291    0.083101923
     0.32160804    0.083954118
     0.32663317    0.084785804
     0.33165829    0.085596778
     0.33668342    0.086386843
     0.34170854    0.087155804
     0.34673367    0.087903474
     0.35175879     0.08862967
     0.35678392    0.089334215
     0.36180905    0.090016938
     0.36683417     0.09067767
      0.3718593    0.091316251
     0.37688442    0.091932525
     0.38190955    0.092526341
     0.38693467    0.093097554
      0.3919598    0.093646025
     0.39698492    0.094171619
     0.40201005    0.094674209
     0.40703518    0.095153671
      0.4120603    0.095609888
     0.41708543    0.096042749
     0.42211055    0.096452148
     0.42713568    0.096837985
      0.4321608    0.097200166
     0.43718593    0.097538602
     0.44221106    0.097853211
     0.44723618    0.098143916
     0.45226131    0.098410645
     0.45728643    0.098653334
     0.46231156    0.098871924
     0.46733668    0.099066361
     0.47236181    0.099236597
     0.47738693    0.099382591
     0.48241206    0.099504307
     0.48743719    0.099601715
     0.49246231    0.099674792
     0.49748744    0.099723521
     0.50251256    0.099747888
     0.50753769    0.099747888
     0.51256281    0.099723521
     0.51758794    0.099674792
     0.52261307    0.099601715
     0.52763819    0.099504307
     0.53266332    0.099382591
     0.53768844    0.099236597
     0.54271357    0.099066361
     0.54773869    0.098871924
     0.55276382    0.098653334
     0.55778894    0.098410645
     0.56281407    0.098143916
      0.5678392    0.097853211
     0.57286432    0.097538602
     0.57788945    0.097200166
     0.58291457    0.096837985
      0.5879397    0.096452148
     0.59296482    0.096042749
     0.59798995    0.095609888
     0.60301508    0.095153671
      0.6080402    0.094674209
     0.61306533    0.094171619
     0.61809045    0.093646025
     0.62311558    0.093097554
      0.6281407    0.092526341
     0.63316583    0.091932525
     0.63819095    0.091316251
     0.64321608     0.09067767
     0.64824121    0.090016938
     0.65326633    0.089334215
     0.65829146     0.08862967
     0.66331658    0.087903474
     0.66834171    0.087155804
     0.67336683    0.086386843
     0.67839196    0.085596778
     0.68341709    0.084785804
     0.68844221    0.083954118
     0.69346734    0.083101923
     0.69849246    0.082229427
     0.70351759    0.081336844
     0.70854271    0.080424392
     0.71356784    0.079492292
     0.71859296    0.078540774
     0.72361809     0.07757007
     0.72864322    0.076580416
     0.73366834    0.075572055
     0.73869347    0.074545232
     0.74371859    0.073500199
     0.74874372    0.072437211
     0.75376884    0.071356528
     0.75879397    0.070258413
      0.7638191    0.069143135
     0.76884422    0.068010967
     0.77386935    0.066862184
     0.77889447    0.065697068
      0.7839196    0.064515903
     0.78894472    0.063318977
     0.79396985    0.062106584
     0.79899497    0.060879018
      0.8040201    0.059636581
     0.80904523    0.058379576
     0.81407035    0.057108309
     0.81909548    0.055823091
      0.8241206    0.054524237
     0.82914573    0.053212063
     0.83417085     0.05188689
     0.83919598    0.050549042
     0.84422111    0.049198846
     0.84924623     0.04783663
     0.85427136    0.046462729
     0.85929648    0.045077478
     0.86432161    0.043681215
     0.86934673    0.042274282
     0.87437186    0.040857021
     0.87939698    0.039429779
     0.88442211    0.037992906
     0.88944724    0.036546751
     0.89447236    0.035091668
     0.89949749    0.033628013
     0.90452261    0.032156143
     0.90954774    0.030676418
     0.91457286    0.029189199
     0.91959799    0.027694849
     0.92462312    0.026193734
     0.92964824    0.024686221
     0.93467337    0.023172676
     0.93969849    0.021653471
     0.94472362    0.020128976
     0.94974874    0.018599564
     0.95477387    0.017065609
     0.95979899    0.015527484
     0.96482412    0.013985567
     0.96984925    0.012440233
     0.97487437     0.01089186
      0.9798995    0.009340826
     0.98492462   0.0077875104
     0.98994975   0.0062322924
     0.99497487   0.0046755519
              1   0.0031176693
      1.0050251   0.0015590251
