    0.016722408      2.9999126              0
    0.033444816      6.9995649              0
    0.050167224      10.999087              0
    0.066889632      15.002762              0
     0.08361204      19.058775              0
     0.10033445      23.372842              0
     0.11705686      28.270093              0
     0.13377926      33.943749              0
     0.15050167      40.433913              0
     0.16722408      47.733631              0
     0.18394649      55.831868              0
      0.2006689      64.720324              0
      0.2173913       74.39315              0
     0.23411371      84.846076              0
     0.25083612      96.075802              0
     0.26755853      108.07961              0
     0.28428094      120.85514              0
     0.30100334      134.40022              0
     0.31772575      148.71283              0
     0.33444816      163.79097              0
     0.35117057      179.63269              0
     0.36789298      196.23601              0
     0.38461538      213.59891              0
     0.40133779      231.71936              0
      0.4180602      250.59526              0
     0.43478261      270.22444              0
     0.45150502       290.6047              0
     0.46822742      311.73373              0
     0.48494983      333.60919              0
     0.50167224      356.22863              0
     0.51839465      379.58957              0
     0.53511706      403.68942              0
     0.55183946      428.52552              0
     0.56856187      454.09516              0
     0.58528428      480.39551              0
     0.60200669       507.4237              0
      0.6187291      535.17677              0
     0.63545151      563.65168              0
     0.65217391      592.84532              0
     0.66889632       622.7545              0
     0.68561873      653.37595              0
     0.70234114      684.70633              0
     0.71906355      716.74221              0
     0.73578595       749.4801              0
     0.75250836      782.91643              0
     0.76923077      817.04755              0
     0.78595318      851.86975              0
     0.80267559      887.37921              0
     0.81939799      923.57207              0
      0.8361204      960.44439              0
     0.85284281      997.99214              0
     0.86956522      1036.2112              0
     0.88628763      1075.0975              0
     0.90301003      1114.6467              0
     0.91973244      1154.8545              0
     0.93645485      1195.7166              0
     0.95317726      1237.2285              0
     0.96989967      1279.3856              0
     0.98662207      1322.1834              0
      1.0033445      1365.6172              0
      1.0200669      1409.6823              0
      1.0367893      1454.3739              0
      1.0535117      1499.6871              0
      1.0702341       1545.617              0
      1.0869565      1592.1585              0
      1.1036789      1639.3066              0
      1.1204013      1687.0562              0
      1.1371237       1735.402              0
      1.1538462      1784.3389              0
      1.1705686      1833.8614              0
       1.187291      1883.9641              0
      1.2040134      1934.6417              0
      1.2207358      1985.8885              0
      1.2374582      2037.6991              0
      1.2541806      2090.0677              0
       1.270903      2142.9886              0
      1.2876254      2196.4561              0
      1.3043478      2250.4644              0
      1.3210702      2305.0076              0
      1.3377926      2360.0797              0
      1.3545151      2415.6748              0
      1.3712375      2471.7867              0
      1.3879599      2528.4094              0
      1.4046823      2585.5367              0
      1.4214047      2643.1624              0
      1.4381271      2701.2801              0
      1.4548495      2759.8837              0
      1.4715719      2818.9666              0
      1.4882943      2878.5225              0
      1.5050167      2938.5448              0
      1.5217391       2999.027              0
      1.5384615      3059.9626              0
      1.5551839      3121.3449              0
      1.5719064      3183.1671              0
      1.5886288      3245.4227              0
      1.6053512      3308.1047              0
      1.6220736      3371.2064              0
       1.638796      3434.7209              0
      1.6555184      3498.6413              0
      1.6722408      3562.9605              0
      1.6889632      3627.6717              0
      1.7056856      3692.7677              0
       1.722408      3758.2415              0
      1.7391304      3824.0858              0
      1.7558528      3890.2937              0
      1.7725753      3956.8578              0
      1.7892977      4023.7709              0
      1.8060201      4091.0256              0
      1.8227425      4158.6148              0
      1.8394649      4226.5309              0
      1.8561873      4294.7667              0
      1.8729097      4363.3147              0
      1.8896321      4432.1673              0
      1.9063545      4501.3172              0
      1.9230769      4570.7568              0
      1.9397993      4640.4784              0
      1.9565217      4710.4746              0
      1.9732441      4780.7377              0
      1.9899666        4851.26              0
       2.006689      4922.0339              0
      2.0234114      4993.0516              0
      2.0401338      5064.3055              0
      2.0568562      5135.7877              0
      2.0735786      5207.4904              0
       2.090301       5279.406              0
      2.1070234      5351.5264              0
      2.1237458      5423.8439              0
      2.1404682      5496.3505              0
      2.1571906      5569.0385              0
       2.173913      5641.8998              0
      2.1906355      5714.9266              0
      2.2073579      5788.1108              0
      2.2240803      5861.4446              0
      2.2408027      5934.9198              0
      2.2575251      6008.5286              0
      2.2742475      6082.2628              0
      2.2909699      6156.1145              0
      2.3076923      6230.0756              0
      2.3244147      6304.1381              0
      2.3411371      6378.2939              0
      2.3578595      6452.5349              0
      2.3745819       6526.853              0
      2.3913043      6601.2401              0
      2.4080268      6675.6882              0
      2.4247492      6750.1891              0
      2.4414716      6824.7347              0
       2.458194      6899.3168              0
      2.4749164      6973.9274              0
      2.4916388      7048.5584              0
      2.5083612      7123.2015              0
      2.5250836      7197.8487              0
       2.541806      7272.4918              0
      2.5585284      7347.1228              0
      2.5752508      7421.7334              0
      2.5919732      7496.3155              0
      2.6086957      7570.8611              0
      2.6254181       7645.362              0
      2.6421405      7719.8101              0
      2.6588629      7794.1972              0
      2.6755853      7868.5153              0
      2.6923077      7942.7563              0
      2.7090301      8016.9121              0
      2.7257525      8090.9745              0
      2.7424749      8164.9357              0
      2.7591973      8238.7874              0
      2.7759197      8312.5216              0
      2.7926421      8386.1304              0
      2.8093645      8459.6056              0
       2.826087      8532.9394              0
      2.8428094      8606.1236              0
      2.8595318      8679.1504              0
      2.8762542      8752.0117              0
      2.8929766      8824.6996              0
       2.909699      8897.2063              0
      2.9264214      8969.5238              0
      2.9431438      9041.6442              0
      2.9598662      9113.5597              0
      2.9765886      9185.2625              0
       2.993311      9256.7447              0
      3.0100334      9327.9985              0
      3.0267559      9399.0162              0
      3.0434783      9469.7901              0
      3.0602007      9540.3125              0
      3.0769231      9610.5755              0
      3.0936455      9680.5717              0
      3.1103679      9750.2934              0
      3.1270903      9819.7329              0
      3.1438127      9888.8828              0
      3.1605351      9957.7355              0
      3.1772575      10026.283              0
      3.1939799      10094.519              0
      3.2107023      10162.435              0
      3.2274247      10230.025              0
      3.2441472      10297.279              0
      3.2608696      10364.192              0
       3.277592      10430.756              0
      3.2943144      10496.964              0
      3.3110368      10562.809              0
      3.3277592      10628.282              0
      3.3444816      10693.378              0
       3.361204       10758.09              0
      3.3779264      10822.409              0
      3.3946488      10886.329              0
      3.4113712      10949.844              0
      3.4280936      11012.945              0
      3.4448161      11075.627              0
      3.4615385      11137.883              0
      3.4782609      11199.705              0
      3.4949833      11261.087              0
      3.5117057      11322.023              0
      3.5284281      11382.505              0
      3.5451505      11442.528              0
      3.5618729      11502.083              0
      3.5785953      11561.166              0
      3.5953177       11619.77              0
      3.6120401      11677.888              0
      3.6287625      11735.513              0
      3.6454849      11792.641              0
      3.6622074      11849.263              0
      3.6789298      11905.375              0
      3.6956522       11960.97              0
      3.7123746      12016.042              0
       3.729097      12070.586              0
      3.7458194      12124.594              0
      3.7625418      12178.061              0
      3.7792642      12230.982              0
      3.7959866      12283.351              0
       3.812709      12335.161              0
      3.8294314      12386.408              0
      3.8461538      12437.086              0
      3.8628763      12487.188              0
      3.8795987      12536.711              0
      3.8963211      12585.648              0
      3.9130435      12633.994              0
      3.9297659      12681.743              0
      3.9464883      12728.891              0
      3.9632107      12775.433              0
      3.9799331      12821.363              0
      3.9966555      12866.676              0
      4.0133779      12911.367              0
      4.0301003      12955.432              0
      4.0468227      12998.866              0
      4.0635452      13041.664              0
      4.0802676      13083.821              0
        4.09699      13125.333              0
      4.1137124      13166.195              0
      4.1304348      13206.403              0
      4.1471572      13245.952              0
      4.1638796      13284.838              0
       4.180602      13323.057              0
      4.1973244      13360.605              0
      4.2140468      13397.477              0
      4.2307692       13433.67              0
      4.2474916       13469.18              0
       4.264214      13504.002              0
      4.2809365      13538.133              0
      4.2976589      13571.569              0
      4.3143813      13604.307              0
      4.3311037      13636.343              0
      4.3478261      13667.673              0
      4.3645485      13698.294              0
      4.3812709      13728.204              0
      4.3979933      13757.397              0
      4.4147157      13785.872              0
      4.4314381      13813.625              0
      4.4481605      13840.653              0
      4.4648829      13866.953              0
      4.4816054      13892.523              0
      4.4983278      13917.359              0
      4.5150502      13941.459              0
      4.5317726      13964.819              0
       4.548495      13987.439              0
      4.5652174      14009.314              0
      4.5819398      14030.443              0
      4.5986622      14050.823              0
      4.6153846      14070.452              0
       4.632107      14089.328              0
      4.6488294      14107.448              0
      4.6655518      14124.811              0
      4.6822742      14141.414              0
      4.6989967      14157.256              0
      4.7157191      14172.334              0
      4.7324415      14186.646              0
      4.7491639      14200.192              0
      4.7658863      14212.967              0
      4.7826087      14224.972              0
      4.7993311      14236.202              0
      4.8160535      14246.657              0
      4.8327759      14256.332              0
      4.8494983      14265.225              0
      4.8662207       14273.33              0
      4.8829431       14280.64              0
      4.8996656      14287.146              0
       4.916388      14292.829              0
      4.9331104      14297.656              0
      4.9498328      14301.554              0
      4.9665552      14304.614              0
      4.9832776      14307.957              0
              5        14312.6              0
      5.0167224      14319.264              0
