0	0    
0.016722408   0.0022143313
    0.033444816   0.0044631791
    0.050167224   0.0067442814
    0.066889632   0.0090553292
     0.08361204     0.01139397
     0.10033445    0.013757811
     0.11705686    0.016144423
     0.13377926    0.018551346
     0.15050167    0.020976089
     0.16722408    0.023416137
     0.18394649    0.025868955
      0.2006689    0.028331991
      0.2173913    0.030802678
     0.23411371    0.033278443
     0.25083612    0.035756707
     0.26755853    0.038234888
     0.28428094     0.04071041
     0.30100334    0.043180703
     0.31772575    0.045643208
     0.33444816    0.048095382
     0.35117057    0.050534699
     0.36789298    0.052958657
     0.38461538    0.055364781
     0.40133779    0.057750625
      0.4180602    0.060113779
     0.43478261    0.062451869
     0.45150502    0.064762562
     0.46822742    0.067043571
     0.48494983    0.069292655
     0.50167224    0.071507625
     0.51839465    0.073686346
     0.53511706    0.075826741
     0.55183946    0.077926791
     0.56856187     0.07998454
     0.58528428      0.0819981
     0.60200669    0.083965647
      0.6187291     0.08588543
     0.63545151    0.087755768
     0.65217391    0.089575055
     0.66889632    0.091341763
     0.68561873    0.093054438
     0.70234114    0.094711709
     0.71906355    0.096312283
     0.73578595    0.097854951
     0.75250836    0.099338586
     0.76923077     0.10076215
     0.78595318     0.10212467
     0.80267559     0.10342529
     0.81939799     0.10466322
      0.8361204     0.10583775
     0.85284281     0.10694828
     0.86956522     0.10799427
     0.88628763     0.10897528
     0.90301003     0.10989096
     0.91973244     0.11074103
     0.93645485     0.11152531
     0.95317726     0.11224369
     0.96989967     0.11289615
     0.98662207     0.11348276
      1.0033445     0.11400365
      1.0200669     0.11445904
      1.0367893     0.11484924
      1.0535117     0.11517462
      1.0702341     0.11543563
      1.0869565     0.11563278
      1.1036789     0.11576668
      1.1204013     0.11583798
      1.1371237     0.11584741
      1.1538462     0.11579576
      1.1705686      0.1156839
       1.187291     0.11551273
      1.2040134     0.11528322
      1.2207358     0.11499641
      1.2374582     0.11465338
      1.2541806     0.11425525
       1.270903     0.11380321
      1.2876254     0.11329847
      1.3043478     0.11274231
      1.3210702     0.11213603
      1.3377926     0.11148096
      1.3545151      0.1107785
      1.3712375     0.11003003
      1.3879599     0.10923701
      1.4046823     0.10840089
      1.4214047     0.10752315
      1.4381271     0.10660532
      1.4548495     0.10564889
      1.4715719     0.10465543
      1.4882943     0.10362647
      1.5050167     0.10256359
      1.5217391     0.10146834
      1.5384615     0.10034231
      1.5551839    0.099187077
      1.5719064    0.098004209
      1.5886288    0.096795286
      1.6053512    0.095561878
      1.6220736    0.094305549
       1.638796    0.093027855
      1.6555184    0.091730341
      1.6722408    0.090414536
      1.6889632    0.089081959
      1.7056856    0.087734109
       1.722408    0.086372467
      1.7391304    0.084998494
      1.7558528    0.083613631
      1.7725753    0.082219292
      1.7892977    0.080816869
      1.8060201    0.079407727
      1.8227425    0.077993202
      1.8394649    0.076574605
      1.8561873    0.075153212
      1.8729097    0.073730272
      1.8896321    0.072307001
      1.9063545    0.070884582
      1.9230769    0.069464164
      1.9397993    0.068046863
      1.9565217    0.066633759
      1.9732441    0.065225896
      1.9899666    0.063824283
       2.006689    0.062429894
      2.0234114    0.061043664
      2.0401338    0.059666491
      2.0568562    0.058299238
      2.0735786     0.05694273
       2.090301    0.055597753
      2.1070234    0.054265058
      2.1237458    0.052945358
      2.1404682    0.051639329
      2.1571906    0.050347611
       2.173913    0.049070806
      2.1906355    0.047809481
      2.2073579    0.046564167
      2.2240803     0.04533536
      2.2408027     0.04412352
      2.2575251    0.042929074
      2.2742475    0.041752413
      2.2909699    0.040593898
      2.3076923    0.039453855
      2.3244147    0.038332579
      2.3411371    0.037230333
      2.3578595     0.03614735
      2.3745819    0.035083834
      2.3913043    0.034039959
      2.4080268    0.033015872
      2.4247492     0.03201169
      2.4414716    0.031027507
       2.458194    0.030063389
      2.4749164    0.029119378
      2.4916388    0.028195492
      2.5083612    0.027291726
      2.5250836    0.026408053
       2.541806    0.025544424
      2.5585284    0.024700771
      2.5752508    0.023877004
      2.5919732    0.023073018
      2.6086957    0.022288687
      2.6254181     0.02152387
      2.6421405    0.020778409
      2.6588629    0.020052132
      2.6755853    0.019344852
      2.6923077    0.018656369
      2.7090301    0.017986469
      2.7257525     0.01733493
      2.7424749    0.016701514
      2.7591973    0.016085976
      2.7759197    0.015488062
      2.7926421    0.014907508
      2.8093645    0.014344041
       2.826087    0.013797385
      2.8428094    0.013267252
      2.8595318    0.012753353
      2.8762542    0.012255392
      2.8929766    0.011773067
       2.909699    0.011306075
      2.9264214    0.010854107
      2.9431438    0.010416854
      2.9598662   0.0099940032
      2.9765886   0.0095852399
       2.993311   0.0091902491
      3.0100334   0.0088087151
      3.0267559    0.008440322
      3.0434783   0.0080847541
      3.0602007   0.0077416965
      3.0769231   0.0074108355
      3.0936455   0.0070918587
      3.1103679   0.0067844558
      3.1270903   0.0064883187
      3.1438127   0.0062031418
      3.1605351   0.0059286223
      3.1772575   0.0056644604
      3.1939799   0.0054103601
      3.2107023   0.0051660285
      3.2274247    0.004931177
      3.2441472   0.0047055208
      3.2608696   0.0044887793
       3.277592   0.0042806766
      3.2943144   0.0040809412
      3.3110368   0.0038893062
      3.3277592   0.0037055098
      3.3444816    0.003529295
       3.361204   0.0033604099
      3.3779264   0.0031986077
      3.3946488   0.0030436468
      3.4113712   0.0028952911
      3.4280936   0.0027533094
      3.4448161   0.0026174763
      3.4615385   0.0024875713
      3.4782609   0.0023633798
      3.4949833   0.0022446922
      3.5117057   0.0021313044
      3.5284281   0.0020230179
      3.5451505   0.0019196391
      3.5618729   0.0018209801
      3.5785953   0.0017268582
      3.5953177   0.0016370959
      3.6120401   0.0015515209
      3.6287625    0.001469966
      3.6454849   0.0013922693
      3.6622074   0.0013182736
      3.6789298   0.0012478267
      3.6956522   0.0011807816
      3.7123746   0.0011169957
       3.729097   0.0010563312
      3.7458194  0.00099865507
      3.7625418  0.00094383869
      3.7792642  0.00089175791
      3.7959866  0.00084229294
       3.812709  0.00079532824
      3.8294314  0.00075075244
      3.8461538  0.00070845825
      3.8628763  0.00066834233
      3.8795987  0.00063030521
      3.8963211  0.00059425122
      3.9130435  0.00056008834
      3.9297659  0.00052772814
      3.9464883  0.00049708565
      3.9632107  0.00046807929
      3.9799331  0.00044063077
      3.9966555  0.00041466497
      4.0133779  0.00039010986
      4.0301003   0.0003668964
      4.0468227  0.00034495845
      4.0635452  0.00032423267
      4.0802676  0.00030465844
        4.09699  0.00028617776
      4.1137124  0.00026873515
      4.1304348  0.00025227758
      4.1471572   0.0002367544
      4.1638796  0.00022211719
       4.180602  0.00020831976
      4.1973244  0.00019531802
      4.2140468  0.00018306991
      4.2307692  0.00017153532
      4.2474916  0.00016067601
       4.264214  0.00015045558
      4.2809365  0.00014083933
      4.2976589  0.00013179424
      4.3143813  0.00012328888
      4.3311037  0.00011529335
      4.3478261  0.00010777922
      4.3645485  0.00010071947
      4.3812709  9.4088402e-05
      4.3979933  8.7861628e-05
      4.4147157  8.2015976e-05
      4.4314381  7.6529448e-05
      4.4481605  7.1381168e-05
      4.4648829  6.6551328e-05
      4.4816054  6.2021141e-05
      4.4983278  5.7772787e-05
      4.5150502  5.3789376e-05
      4.5317726  5.0054894e-05
       4.548495  4.6554164e-05
      4.5652174  4.3272806e-05
      4.5819398   4.019719e-05
      4.5986622  3.7314404e-05
      4.6153846  3.4612212e-05
       4.632107  3.2079022e-05
      4.6488294  2.9703843e-05
      4.6655518  2.7476258e-05
      4.6822742  2.5386392e-05
      4.6989967  2.3424871e-05
      4.7157191  2.1582804e-05
      4.7324415  1.9851741e-05
      4.7491639  1.8223652e-05
      4.7658863  1.6690896e-05
      4.7826087  1.5246195e-05
      4.7993311  1.3882604e-05
      4.8160535  1.2593488e-05
      4.8327759  1.1372496e-05
      4.8494983  1.0213532e-05
      4.8662207  9.1107373e-06
      4.8829431  8.0584578e-06
      4.8996656  7.0512253e-06
       4.916388  6.0837305e-06
      4.9331104   5.150799e-06
      4.9498328   4.247367e-06
      4.9665552  3.3684557e-06
      4.9832776  2.5091466e-06
              5  1.6645554e-06
      5.0167224  8.2980536e-07
