    0.025125628     0.01698153
    0.050251256    0.034202899
    0.075376884    0.051478672
     0.10050251     0.06862332
     0.12562814    0.085454275
     0.15075377     0.10179491
      0.1758794     0.11747736
     0.20100503     0.13234517
     0.22613065     0.14625563
     0.25125628     0.15908186
     0.27638191     0.17071448
     0.30150754     0.18106293
     0.32663317     0.19005639
     0.35175879     0.19764429
     0.37688442     0.20379639
     0.40201005     0.20850252
     0.42713568     0.21177183
     0.45226131     0.21363188
     0.47738693     0.21412725
     0.50251256     0.21331796
     0.52763819     0.21127775
     0.55276382     0.20809204
     0.57788945     0.20385595
     0.60301508     0.19867214
      0.6281407     0.19264869
     0.65326633     0.18589705
     0.67839196     0.17853002
     0.70351759     0.17065986
     0.72864322      0.1623966
     0.75376884     0.15384648
     0.77889447      0.1451106
      0.8040201     0.13628378
     0.82914573     0.12745363
     0.85427136      0.1186999
     0.87939698      0.1100939
     0.90452261     0.10169829
     0.92964824    0.093566939
     0.95477387    0.085745007
      0.9798995    0.078269168
      1.0050251    0.071167968
      1.0301508    0.064462286
      1.0552764    0.058165892
       1.080402    0.052286059
      1.1055276    0.046824234
      1.1306533    0.041776715
      1.1557789    0.037135358
      1.1809045    0.032888256
      1.2060302    0.029020412
      1.2311558    0.025514368
      1.2562814    0.022350799
       1.281407    0.019509059
      1.3065327     0.01696767
      1.3316583    0.014704756
      1.3567839     0.01269843
      1.3819095    0.010927107
      1.4070352   0.0093697811
      1.4321608     0.00800624
      1.4572864   0.0068172337
      1.4824121   0.0057846014
      1.5075377   0.0048913573
      1.5326633   0.0041217421
      1.5577889   0.0034612445
      1.5829146   0.0028965975
      1.6080402   0.0024157536
      1.6331658   0.0020078427
      1.6582915   0.0016631184
      1.6834171   0.0013728932
      1.7085427   0.0011294682
      1.7336683  0.00092605819
       1.758794  0.00075671588
      1.7839196  0.00061625558
      1.8090452  0.00050017888
      1.8341709  0.00040460312
      1.8592965  0.00032619349
      1.8844221  0.00026209955
      1.9095477  0.00020989631
      1.9346734  0.00016753031
       1.959799  0.00013327065
      1.9849246  0.00010566484
      2.0100503  8.3499472e-05
      2.0351759  6.5765233e-05
      2.0603015   5.162625e-05
      2.0854271   4.039322e-05
      2.1105528  3.1500111e-05
      2.1356784  2.4484057e-05
       2.160804  1.8968121e-05
      2.1859296  1.4646596e-05
      2.2110553  1.1272556e-05
      2.2361809  8.6473534e-06
      2.2613065  6.6118166e-06
      2.2864322  5.0389131e-06
      2.3115578  3.8276576e-06
      2.3366834  2.8980843e-06
       2.361809  2.1871182e-06
      2.3869347  1.6451985e-06
      2.4120603  1.2335328e-06
      2.4371859  9.2187251e-07
      2.4623116  6.8672087e-07
      2.4874372   5.098944e-07
      2.5125628  3.7737424e-07
      2.5376884  2.7839254e-07
      2.5628141  2.0470929e-07
      2.5879397  1.5004222e-07
      2.6130653  1.0961921e-07
       2.638191   7.982855e-08
      2.6633166    5.79468e-08
      2.6884422  4.1927753e-08
      2.7135678  3.0239575e-08
      2.7386935  2.1739685e-08
      2.7638191  1.5578831e-08
      2.7889447  1.1128124e-08
      2.8140704  7.9234811e-09
       2.839196  5.6236445e-09
      2.8643216  3.9785764e-09
      2.8894472   2.805733e-09
      2.9145729  1.9723062e-09
      2.9396985  1.3820165e-09
      2.9648241  9.6529873e-10
      2.9899497  6.7207389e-10
      3.0150754  4.6643385e-10
       3.040201  3.2267518e-10
      3.0653266  2.2251437e-10
      3.0904523  1.5296574e-10
      3.1155779  1.0482562e-10
      3.1407035  7.1598273e-11
      3.1658291  4.8758043e-11
      3.1909548  3.3104721e-11
      3.2160804  2.2398632e-11
       3.241206  1.5095651e-11
      3.2663317  1.0141216e-11
      3.2914573  6.7966361e-12
      3.3165829   4.531443e-12
      3.3417085  3.0155801e-12
      3.3668342  2.0002005e-12
      3.3919598  1.3196715e-12
      3.4170854  8.7262924e-13
      3.4422111  5.8203732e-13
      3.4673367  3.7785975e-13
      3.4924623  2.4521502e-13
      3.5175879  1.6899062e-13
      3.5427136  1.1063562e-13
      3.5678392  6.8560782e-14
      3.5929648  3.8914003e-14
      3.6180905  1.9021722e-14
      3.6432161   6.083098e-15
      3.6683417 -3.4769258e-15
      3.6934673 -1.1558267e-14
       3.718593 -1.5625752e-14
      3.7437186 -2.5511342e-14
      3.7688442 -2.7280444e-14
      3.7939698 -1.4498192e-14
      3.8190955 -1.1982385e-14
      3.8442211 -1.1162486e-14
      3.8693467   8.973282e-16
      3.8944724  1.5359785e-14
       3.919598  1.4031628e-14
      3.9447236  8.8814945e-15
      3.9698492  6.5048361e-15
      3.9949749  4.3727957e-15
      4.0201005  5.3938179e-15
      4.0452261 -1.2675501e-15
      4.0703518 -1.1180919e-14
      4.0954774 -1.8718311e-14
       4.120603 -1.6195533e-14
      4.1457286 -1.6358118e-14
      4.1708543 -2.1192599e-14
      4.1959799  -1.097536e-14
      4.2211055 -1.8890695e-15
      4.2462312 -1.0715245e-15
      4.2713568  5.7828112e-15
      4.2964824  1.6918859e-14
       4.321608  1.5884925e-14
      4.3467337  1.1680165e-14
      4.3718593  2.0898078e-14
      4.3969849   2.827588e-14
      4.4221106   2.230826e-14
      4.4472362  5.0948793e-15
      4.4723618  2.6255207e-15
      4.4974874  9.9088417e-15
      4.5226131 -6.9115569e-16
      4.5477387 -1.3266025e-14
      4.5728643  -6.573694e-15
      4.5979899 -4.6029178e-15
      4.6231156 -1.5166609e-14
      4.6482412 -1.3800233e-14
      4.6733668 -1.2936565e-14
      4.6984925 -2.4483794e-14
      4.7236181 -2.3065389e-14
      4.7487437 -1.7778547e-14
      4.7738693 -1.9173271e-14
       4.798995 -2.2312807e-14
      4.8241206  -2.407882e-14
      4.8492462 -2.2838122e-14
      4.8743719 -2.1140154e-14
      4.8994975 -1.5866604e-14
      4.9246231 -1.4514286e-14
      4.9497487 -1.3618583e-14
      4.9748744 -1.0042915e-14
              5 -3.8029419e-15
      5.0251256  4.4461169e-15
